[VERSION]
Num = 1
[1f5b8b]
Flag = 1 0 0 0 1 0 0 0 0 0 0 0 0 0 0 0 
[206ed6]
Flag = 1 0 0 1 0 0 0 0 0 0 0 0 0 0 0 0 
[2063d3]
Flag = 1 0 0 0 1 0 0 0 0 0 0 0 0 0 0 0 
[22ed84]
Flag = 1 0 0 0 0 0 0 0 0 0 0 0 0 0 0 0 
[22e281]
Flag = 1 0 0 0 0 0 0 0 0 0 0 0 0 0 0 0 
[2392b1]
Flag = 1 0 0 0 0 0 0 0 0 0 0 0 0 0 0 0 
[2387ae]
Flag = 1 0 0 0 0 0 0 0 0 0 0 0 0 0 0 0 
[2a3d82]
Flag = 1 0 0 0 0 0 0 0 0 0 0 0 0 0 0 0 
[24c705]
Flag = 1 0 0 0 0 0 0 0 0 0 0 0 0 0 0 0 
[284dfb]
Flag = 1 0 0 0 0 0 0 0 0 0 0 0 0 0 0 0 
[2b19be]
Flag = 1 0 0 0 0 0 0 0 0 0 0 0 0 0 0 0 
[4dd033]
Flag = 1 0 0 0 0 0 0 0 0 0 0 0 0 0 0 0 
[2fbf02]
Flag = 1 1 0 0 0 0 0 0 0 0 0 0 0 0 0 0 
[389069]
Flag = 1 1 0 0 0 0 0 0 0 0 0 0 0 0 0 0 
[438866]
Flag = 1 0 0 0 0 0 0 0 0 0 0 0 0 0 0 0 
[368adc]
Flag = 1 0 0 0 0 1 0 0 0 0 0 0 0 0 0 0 
[3b3020]
Flag = 1 0 0 0 0 0 0 0 0 0 0 0 0 0 0 0 
[3beb53]
Flag = 1 0 0 0 1 0 0 0 0 0 0 0 0 0 0 0 
[40d2a9]
Flag = 1 0 0 0 0 1 0 0 0 0 0 0 0 0 0 0 
[458df3]
Flag = 1 0 1 0 0 0 0 0 0 0 0 0 0 0 0 0 
[45a3f9]
Flag = 1 1 1 0 0 0 0 0 0 0 0 0 0 0 0 0 
[48a6cb]
Flag = 1 0 0 0 0 0 0 0 0 0 0 0 0 0 0 0 
[5c702f]
Flag = 1 0 0 0 0 1 0 0 0 0 0 0 0 0 0 0 
[498307]
Flag = 1 0 0 0 1 0 0 0 0 0 0 0 0 0 0 0 
[4dba2d]
Flag = 1 0 0 0 0 1 0 0 0 0 0 0 0 0 0 0 
[4f72a5]
Flag = 1 1 0 0 0 0 0 0 0 0 0 0 0 0 0 0 
[528b7d]
Flag = 1 0 0 0 0 0 0 0 0 0 0 0 0 0 0 0 
[55fc6d]
Flag = 1 0 0 1 0 0 0 0 0 0 0 0 0 0 0 0 
[fffff4fd]
Flag = 1 0 0 0 0 0 0 0 0 0 0 0 0 0 0 0 
[58a727]
Flag = 1 0 0 0 0 0 0 0 0 0 0 0 0 0 0 0 5 
[58c830]
Flag = 1 0 0 0 0 0 0 0 0 0 0 0 0 0 0 0 
[5f8907]
Flag = 1 0 0 0 0 0 1 0 0 0 0 0 0 0 0 0 
[7c23d2]
Flag = 1 0 0 0 0 0 0 0 0 0 0 0 0 0 0 0 
[861387]
Flag = 1 0 0 0 1 0 0 0 0 0 0 0 0 0 0 0 5 
[863f93]
Flag = 1 1 0 0 0 0 0 0 0 0 0 0 0 0 0 0 5 
[866b9f]
Flag = 1 0 0 0 0 0 0 0 0 0 0 0 0 0 0 0 
[8681a5]
Flag = 1 0 0 0 0 0 0 0 0 0 0 0 0 0 0 0 
[8697ab]
Flag = 1 0 0 0 0 0 0 0 0 0 0 0 0 0 0 0 
[86adb1]
Flag = 1 0 0 0 0 0 0 0 0 0 0 0 0 0 0 0 
[86c3b7]
Flag = 1 0 0 0 0 0 0 0 0 0 0 0 0 0 0 0 
[8df2ac]
Flag = 1 0 0 0 1 0 0 0 0 0 0 0 0 0 0 0 
[8305b2]
Flag = 1 0 0 0 0 0 0 0 0 0 0 0 0 0 0 0 
[93c141]
Flag = 1 1 0 0 0 0 0 0 0 0 0 0 0 0 0 0 
[94a880]
Flag = 1 0 1 0 0 0 0 0 0 0 0 0 0 0 0 0 5 
[94c989]
Flag = 1 0 0 0 0 0 0 0 0 0 0 0 0 0 0 0 
[94d48c]
Flag = 1 0 0 0 0 0 0 0 0 0 0 0 0 0 0 0 
[94df8f]
Flag = 1 0 0 0 0 0 0 0 0 0 0 0 0 0 0 0 
[94ea92]
Flag = 1 0 0 0 0 0 0 0 0 0 0 0 0 0 0 0 
[94f595]
Flag = 1 0 0 0 0 0 0 0 0 0 0 0 0 0 0 0 
[9f5368]
Flag = 1 0 0 0 0 0 0 0 0 0 0 0 0 0 0 0 5 
[9f696e]
Flag = 1 0 0 0 0 0 0 0 0 0 0 0 0 0 0 0 
[9f7f74]
Flag = 1 0 0 0 0 0 0 0 0 0 0 0 0 0 0 0 
[a00398]
Flag = 1 0 0 0 0 0 0 0 0 0 0 0 0 0 0 0 
[9f8a77]
Flag = 1 0 0 0 0 0 0 0 0 0 0 0 0 0 0 0 
[9f957a]
Flag = 1 0 0 0 0 0 0 0 0 0 0 0 0 0 0 0 
[9fa07d]
Flag = 1 0 0 0 0 0 0 0 0 0 0 0 0 0 0 0 
[ba1fb5]
Flag = 1 0 0 0 0 0 0 0 0 0 0 0 0 0 0 0 
[3206a1]
Flag = 2 0 0 0 0 0 0 0 0 0 0 0 0 0 0 0 
[2d986c]
Flag = 2 0 0 0 0 0 0 0 0 0 0 0 0 0 0 0 
[5d155c]
Flag = 2 0 0 0 0 0 0 0 0 0 0 0 0 0 0 0 
[6c8691]
Flag = 2 0 0 0 0 0 0 0 0 0 0 0 0 0 0 0 
[fffff4fd]
Flag = 2 0 0 0 0 0 0 0 0 0 0 0 0 0 0 0 
[71e708]
Flag = 2 0 0 0 0 0 0 0 0 0 0 0 0 0 0 0 5 
[721314]
Flag = 2 0 0 0 0 0 0 0 0 0 0 0 0 0 0 0 
[72341d]
Flag = 2 0 0 0 0 0 0 0 0 0 0 0 0 0 0 0 
[724a23]
Flag = 2 0 0 0 0 0 0 0 0 0 0 0 0 0 0 0 
[725526]
Flag = 2 0 0 0 0 0 0 0 0 0 0 0 0 0 0 0 
[726029]
Flag = 2 0 0 0 0 0 0 0 0 0 0 0 0 0 0 0 
[6da4df]
Flag = 2 0 0 0 1 0 0 0 0 0 0 0 0 0 0 0 
[6d8ed9]
Flag = 2 0 0 0 0 0 0 0 0 0 0 0 0 0 0 0 
[849d21]
Flag = 2 0 0 0 0 0 0 0 0 0 0 0 0 0 0 0 
[1d981]
Flag = 4 0 0 0 0 0 0 0 0 0 0 0 0 0 0 0 
[289b1]
Flag = 4 0 0 0 0 0 0 0 0 0 0 0 0 0 0 0 
[2d6c6]
Flag = 4 0 0 0 0 0 0 0 0 0 0 0 0 0 0 0 
[365ed]
Flag = 4 0 0 0 0 0 0 0 0 0 0 0 0 0 0 0 
[339e1]
Flag = 4 0 0 0 0 0 0 0 0 0 0 0 0 0 0 0 
[46332]
Flag = 4 0 0 0 0 0 0 0 0 0 0 0 0 0 0 0 
[58c83]
Flag = 4 0 0 0 0 0 0 0 0 0 0 0 0 0 0 0 
[4bb4a]
Flag = 4 0 0 0 0 0 0 0 0 0 0 0 0 0 0 0 
[63cb3]
Flag = 4 0 0 0 0 0 0 0 0 0 0 0 0 0 0 0 
[51362]
Flag = 4 0 0 0 0 0 0 0 0 0 0 0 0 0 0 0 
[4a072b]
Flag = 8 0 0 1 0 0 0 0 0 0 0 0 0 0 0 0 
[b05109]
Flag = 32 0 0 0 0 0 0 0 0 0 0 0 0 0 0 1 
